SampleProjects/PointSourceProject/Maps/Mean_Original_NOx_stack-source_3m.txt
ncols         102
nrows         59
xllcorner     48480
yllcorner     240920
cellsize      20
NODATA_value  -9999 	 Unit:	µg/m³
[rows 0 to 29 of 59, columns 0 to 68 of 102]
0 0 0 0 0 0 0 0 0 0 0 0 0 0 0 0 0 0 0 0 0 0 0 0 0 0 0 0 0 0 0 0 0 0 0 0 0 0 0 0 0 0 0 0 0 0 0 0 0 0 0 0 0 0 0 0 0 0 0 0 0 0 0 0 0 0 0 0 0
0.0055 0.00441 0.00402 0.00447 0.00493 0.00506 0.00304 0.00221 0.00255 0.0015 0.00172 0.00082 0.00074 0.00154 0.00255 0.00161 0.00143 0.00095 0.00119 7E-05 4E-05 8E-05 0.00018 3E-05 8E-05 0 0.0002 0.00014 0.00025 0.00015 0 0 0 0 0 0 0 0 0 0 0 0 0 0 0 0 0 0 0 0 0 0 0 0 0 0 0 0 0 0 0 0 0 0 0 0 0 0 0
0.01006 0.00837 0.00671 0.00811 0.00864 0.00575 0.00593 0.0042 0.0028 0.00391 0.00282 0.00206 0.00126 0.00243 0.00186 0.00142 0.00197 0.00086 0.00095 0.00057 0.00091 0.00039 0.00017 0.00057 0.00023 4E-05 5E-05 0.00033 0.00011 5E-05 0.00037 0.00022 0 0 0 0 0 0 0 0 0 0 0 0 0 0 0 0 0 0 0 0 0 0 0 0 0 0 0 0 0 0 0 0 0 0 0 0 0
0.012 0.0099 0.00871 0.00786 0.00782 0.00682 0.00566 0.00822 0.00736 0.00604 0.00492 0.00395 0.00301 0.00252 0.00185 0.00316 0.00232 0.00163 0.00165 0.00116 0.00027 0.00039 0.00039 0.00014 0.00017 0 0 0 0.00014 0 0.00016 0.00019 0 0 0 0 0 0 0 0 0 0 0 0 0 0 0 0 0 0 0 0 0 0 0 0 0 0 0 0 0 0 0 0 0 0 0 0 0
0.01862 0.01358 0.01074 0.01332 0.0111 0.01111 0.00866 0.00622 0.00508 0.00554 0.00559 0.00369 0.00353 0.0031 0.0028 0.00396 0.00265 0.00175 0.0017 0.00151 0.00144 0.0005 0.00094 0.00074 0.00068 0.00024 0 0 0.0001 0.00036 0.00017 3E-05 0 0 0 0 0 0 0 0 0 0 0 0 0 0 0 0 0 0 0 0 0 0 0 0 0 0 0 0 0 0 0 0 0 0 0 0 0
0.01723 0.01766 0.01747 0.01756 0.0118 0.00996 0.01148 0.01014 0.01032 0.01002 0.00519 0.00742 0.00518 0.00398 0.00473 0.00366 0.00424 0.00454 0.00289 0.0017 0.00193 0.00186 0.00066 0.00072 0.00049 4E-05 0.00028 0.00058 0.00027 0.00062 0.00039 0.00022 0.0002 0 0 0 0 0 0 0 0 0 0 0 0 0 0 0 0 0 0 0 0 0 0 0 0 0 0 0 0 0 0 0 0 0 0 0 0
0.02169 0.02166 0.02382 0.02254 0.01827 0.01551 0.01333 0.00999 0.01015 0.01079 0.00908 0.00715 0.00782 0.00908 0.00819 0.00631 0.00559 0.0049 0.00456 0.00282 0.00212 0.00162 0.00179 0.00076 0.00047 0.00051 0.00075 0.0009 0.00046 0.00027 0.00016 0 0.00032 0.00016 8E-05 0.00019 0.00021 0 0 0 0 0 0 0 0 0 0 0 0 0 0 0 0 0 0 0 0 0 0 0 0 0 0 0 0 0 0 0 0
0.02853 0.02574 0.02326 0.02133 0.02517 0.02093 0.01622 0.01503 0.01694 0.01392 0.01353 0.0117 0.01114 0.00815 0.00711 0.00771 0.00726 0.00512 0.00478 0.00529 0.00297 0.00258 0.0014 0.00179 0.00188 0.00074 0.00179 0.0005 0.00062 0.00013 0.00049 0.00018 0.00012 0 0 0 0 0 6E-05 0 0 0 0 0 0 0 0 0 0 0 0 0 0 0 0 0 0 0 0 0 0 0 0 0 0 0 0 0 0
0.03476 0.03463 0.03485 0.03186 0.03295 0.02772 0.02496 0.02599 0.02211 0.02023 0.01945 0.01615 0.01412 0.01584 0.01222 0.00871 0.00936 0.00735 0.00678 0.00552 0.00529 0.00427 0.00501 0.00264 0.00267 0.00274 0.0019 0.00161 0.001 0.00012 0.00042 0.00038 0.00092 0.00062 0.00013 0 0 0 6E-05 0 0 0 0 0 0 0 0 0 0 0 0 0 0 0 0 0 0 0 0 0 0 0 0 0 0 0 0 0 0
0.05038 0.0451 0.05112 0.04607 0.04041 0.04007 0.0373 0.02634 0.02698 0.02626 0.02303 0.02452 0.02095 0.01537 0.0177 0.01531 0.0121 0.01163 0.01046 0.0091 0.00773 0.00748 0.00599 0.00507 0.00616 0.00567 0.0053 0.00312 0.0012 0.00249 0.00179 0.00108 0.00043 0.00083 0.00026 0.00013 0 5E-05 2E-05 0.00031 0.00036 1E-05 0 0.00011 0.0001 0 0 0 0 0 0 0 0 0 0 0 0 0 0 0 0 0 0 0 0 0 0 9E-05 0.00017
0.05629 0.05532 0.04879 0.04875 0.04528 0.04627 0.04745 0.04636 0.04485 0.04086 0.03704 0.03263 0.02741 0.02707 0.02461 0.02343 0.02158 0.01899 0.01537 0.01273 0.01255 0.01218 0.00958 0.00822 0.00787 0.00639 0.00487 0.00558 0.0053 0.00165 0.00162 0.00162 0.00102 0.00051 0.00067 0.00017 0 0 0.00024 0 0 0 0 0 0.00022 0.00017 0 0 0 0 0 0 0 0 0 0 0 0 0 0 0 0.00025 0.00069 0.00027 0 0 0.00036 0.00033 0.00081
0.07638 0.07926 0.07707 0.07074 0.06901 0.06003 0.05934 0.05889 0.05552 0.05159 0.04707 0.0467 0.04302 0.04187 0.03597 0.03415 0.03073 0.02678 0.02712 0.02501 0.02146 0.01544 0.01513 0.01276 0.01401 0.00993 0.0103 0.0087 0.00668 0.00602 0.00414 0.00258 0.00281 0.00566 0.00253 0.00173 0.00118 0.00054 0.00012 0 0 0 0 0 0 0.00018 0 0 0 0 0 0 0 0 0 0 0 0 0 0 0.00041 0.00089 0.0001 0.0003 0.00036 0.00113 0.00083 0.00078 0.00393
0.10731 0.10092 0.10177 0.10613 0.10244 0.09134 0.07786 0.07578 0.0672 0.07174 0.06656 0.05808 0.05555 0.05992 0.04911 0.0473 0.04493 0.04307 0.03772 0.03432 0.04123 0.0352 0.03169 0.02262 0.02129 0.01811 0.01592 0.01482 0.01088 0.0072 0.00622 0.00454 0.00289 0.00224 0.00193 0.00179 0.00149 0.00082 0.0006 0.00026 0 0 0 0 0 0 0 0 0 0 0 0 0 0 0 0.00114 0 0 0 0.0004 0 0.00098 0.00054 0 0.00088 0.00053 0.00358 0.00124 0.00279
0.15024 0.13931 0.1458 0.12917 0.11779 0.11359 0.12078 0.11517 0.10406 0.09478 0.09676 0.09472 0.07967 0.06739 0.07507 0.06938 0.06667 0.05983 0.06092 0.05315 0.04564 0.0431 0.0448 0.04448 0.03605 0.03072 0.02325 0.02391 0.02027 0.01268 0.00917 0.00625 0.00584 0.0031 0.00286 0.00282 0.00215 0.00144 0.00133 0.00069 0.00077 0 0 0 0 0 0 0 0 0 0 0 0 0 0 0.00029 0.00072 0.00047 0.0013 0.00305 0.00101 0 0.00034 0.00337 0.00212 0.00306 0.00266 0.00295 0.00816
0.18541 0.19716 0.19384 0.18311 0.16491 0.16707 0.15276 0.14725 0.14315 0.1428 0.12732 0.12187 0.1108 0.10786 0.10254 0.10207 0.0942 0.08982 0.0779 0.07324 0.07283 0.06435 0.06237 0.05616 0.05126 0.04827 0.04003 0.03494 0.03096 0.02486 0.01842 0.01453 0.01266 0.01222 0.00665 0.00423 0.00249 0.00314 0.00193 0.0005 0.00108 0.00023 0.00026 0 0 0 0 0 0 0 0 0 0 0 0.00103 0.00017 0.00223 0.00072 0.00812 0.00544 0.00197 0.0032 0.00365 0.01084 0.01216 0.01464 0.00921 0.01235 0.01496
0.25226 0.25222 0.24368 0.23152 0.22457 0.21576 0.20809 0.19759 0.19564 0.188 0.18362 0.17299 0.17629 0.16106 0.16408 0.14556 0.12985 0.12654 0.12591 0.11692 0.1092 0.11077 0.09533 0.08543 0.07468 0.06817 0.06404 0.05275 0.04753 0.04419 0.03966 0.02773 0.02559 0.01946 0.01678 0.01235 0.00679 0.00449 0.00513 0.00274 0.00213 0.00205 0.00089 0.00011 0 0 0 0 0 0 0 0 0 0 0.00067 0.00121 0.00468 0.00317 0.00619 0.00565 0.0038 0.0063 0.00938 0.01651 0.02415 0.02124 0.02003 0.0208 0.018
0.32732 0.3085 0.30651 0.30221 0.29569 0.29046 0.2836 0.28897 0.27659 0.2569 0.24755 0.24006 0.24692 0.23401 0.2307 0.21769 0.21558 0.19867 0.17835 0.18126 0.17161 0.15856 0.1468 0.13465 0.12613 0.10586 0.09902 0.09814 0.08683 0.06595 0.05996 0.04643 0.03725 0.03376 0.02499 0.01826 0.01535 0.00918 0.00748 0.00529 0.0046 0.00321 0.00115 0.00032 0.00013 0.00013 0 0 0 0 0 0 0.00035 0.00045 0.00097 0.00144 0.00391 0.00556 0.00736 0.00725 0.01524 0.01303 0.01778 0.02189 0.02368 0.0229 0.0474 0.03399 0.03965
0.43718 0.43602 0.43347 0.39471 0.38436 0.37249 0.37198 0.38001 0.37898 0.35881 0.35652 0.34908 0.33847 0.33979 0.34138 0.31688 0.29631 0.2786 0.27142 0.27705 0.2523 0.23637 0.22471 0.20806 0.18801 0.18197 0.15961 0.14327 0.12706 0.10762 0.09587 0.08201 0.06759 0.05259 0.0465 0.03509 0.02663 0.02148 0.01316 0.01166 0.00784 0.00527 0.00381 0.00239 0.00145 0.00101 0.00035 0 0 0 0.00024 0.00076 0.00103 0.00139 0.00328 0.0062 0.00573 0.00498 0.01062 0.0144 0.01328 0.02334 0.03012 0.0378 0.03825 0.05617 0.07358 0.05414 0.0646
0.56249 0.5548 0.56359 0.57844 0.56823 0.53382 0.50332 0.50249 0.50783 0.52199 0.49302 0.48041 0.46772 0.4674 0.47006 0.454 0.45853 0.42025 0.40107 0.38707 0.36622 0.36561 0.33765 0.32375 0.30679 0.28513 0.24846 0.23796 0.21684 0.17489 0.14592 0.13328 0.12441 0.09801 0.07155 0.06183 0.05441 0.04126 0.02794 0.01937 0.0127 0.00698 0.00457 0.00335 0.00113 0.001 0.00158 0.00095 0 0.00021 0.00019 0.00053 0.00159 0.00243 0.00397 0.00309 0.00806 0.00951 0.01522 0.01719 0.02208 0.02712 0.04126 0.03841 0.04939 0.07132 0.08463 0.10556 0.09975
0.75515 0.73769 0.72501 0.7248 0.70508 0.71645 0.70176 0.70355 0.68587 0.67335 0.67035 0.67744 0.66339 0.64204 0.63593 0.62996 0.58373 0.5939 0.58317 0.56636 0.53964 0.50934 0.50091 0.48071 0.44435 0.41521 0.38327 0.35011 0.33124 0.29683 0.2671 0.2381 0.19758 0.16966 0.14123 0.11939 0.09005 0.07263 0.0473 0.03236 0.02288 0.01571 0.00719 0.00639 0.00201 0.0003 0.00094 0.00153 0.00023 0.00047 8E-05 0.00028 0.00051 0.00386 0.00488 0.00585 0.00826 0.01356 0.01935 0.02728 0.03072 0.03816 0.04175 0.05485 0.07588 0.09612 0.11683 0.13585 0.14057
0.9075 0.90192 0.92587 0.92051 0.9007 0.87515 0.88432 0.90105 0.90505 0.90144 0.90766 0.90838 0.86436 0.86156 0.87406 0.84489 0.83958 0.81264 0.79221 0.75837 0.74872 0.7203 0.69443 0.68594 0.64675 0.64057 0.59703 0.56496 0.52762 0.46368 0.42885 0.38994 0.33201 0.28715 0.246 0.20345 0.16624 0.12766 0.09374 0.07186 0.04543 0.02725 0.0146 0.00746 0.00573 0.00236 0.00101 0.00048 0.00124 0.00037 0.00223 0.00403 0.00479 0.00359 0.00414 0.01247 0.01527 0.02455 0.02672 0.03406 0.04018 0.05226 0.06794 0.07918 0.11119 0.12594 0.13603 0.17252 0.19742
1.15748 1.12487 1.13232 1.1093 1.11089 1.13067 1.14202 1.13558 1.13432 1.15777 1.15051 1.16275 1.1537 1.15 1.14151 1.12952 1.09894 1.08639 1.05783 1.04707 1.04331 1.02733 0.99466 0.95989 0.926 0.89567 0.86247 0.80715 0.77226 0.73821 0.67908 0.61402 0.57207 0.50821 0.43575 0.36682 0.30477 0.23705 0.18409 0.13881 0.09792 0.06298 0.03551 0.02002 0.00834 0.00516 0.00211 0.00144 0.00143 0.00315 0.00299 0.00303 0.00654 0.00381 0.01288 0.01507 0.02462 0.02868 0.03334 0.04435 0.06195 0.06736 0.09008 0.11488 0.16024 0.16665 0.18843 0.2099 0.22003
1.43727 1.42131 1.40518 1.39847 1.40791 1.37228 1.42193 1.46412 1.47155 1.46556 1.47949 1.46377 1.46877 1.48722 1.43496 1.46953 1.43696 1.39638 1.39525 1.35696 1.38979 1.36708 1.33383 1.32259 1.28457 1.23375 1.16731 1.14882 1.07633 1.02339 1.00509 0.95764 0.87643 0.81232 0.72456 0.63942 0.54021 0.45541 0.37348 0.28224 0.2067 0.13693 0.08588 0.05108 0.02405 0.01167 0.004 0.00238 0.00249 0.00377 0.00364 0.00394 0.00989 0.01049 0.01345 0.02275 0.02235 0.04195 0.05737 0.05048 0.07208 0.12009 0.14432 0.15396 0.20703 0.21763 0.23146 0.26815 0.29546
1.76718 1.77176 1.77873 1.75791 1.77523 1.80291 1.74559 1.7044 1.73866 1.81113 1.79289 1.79714 1.80633 1.77361 1.80831 1.81035 1.86289 1.83008 1.7878 1.76487 1.77197 1.74423 1.76578 1.72179 1.72508 1.71685 1.64886 1.63916 1.6213 1.56532 1.48373 1.39297 1.31374 1.25178 1.14548 1.06065 0.94322 0.81727 0.67195 0.55133 0.42115 0.29505 0.18185 0.10662 0.05742 0.02309 0.01256 0.00319 0.00413 0.00286 0.00925 0.00627 0.01667 0.01503 0.01274 0.02931 0.03269 0.05047 0.0619 0.07036 0.10956 0.15225 0.14837 0.17688 0.2277 0.26359 0.30561 0.31882 0.37808
2.04304 2.04535 2.07699 2.08287 2.09465 2.14088 2.13754 2.11759 2.12725 2.15258 2.16357 2.18677 2.19447 2.20344 2.24388 2.23148 2.20919 2.21083 2.19482 2.24012 2.22495 2.24029 2.2039 2.21278 2.19083 2.17309 2.16164 2.16493 2.14188 2.13192 2.06124 2.03754 1.95134 1.87454 1.78113 1.70169 1.55042 1.36481 1.20748 1.0291 0.8317 0.63826 0.43896 0.24334 0.12304 0.05704 0.02354 0.00805 0.00384 0.00542 0.00578 0.0085 0.0083 0.01914 0.01856 0.02836 0.03037 0.0584 0.06162 0.08567 0.12512 0.17737 0.21037 0.22125 0.26582 0.29752 0.36676 0.38616 0.45294
2.36698 2.34314 2.35341 2.37089 2.3988 2.47234 2.49686 2.49383 2.4648 2.49058 2.54856 2.53835 2.55188 2.60232 2.59272 2.55497 2.56384 2.58284 2.62404 2.60577 2.62545 2.65446 2.70502 2.7379 2.75984 2.78922 2.7925 2.77442 2.83026 2.83773 2.84437 2.80801 2.78466 2.74999 2.6852 2.61126 2.55324 2.37084 2.18533 1.94758 1.65338 1.30642 0.96091 0.61982 0.33731 0.15035 0.05741 0.02372 0.00853 0.00838 0.00483 0.0087 0.01109 0.02142 0.02651 0.02928 0.04017 0.07235 0.08936 0.10227 0.13064 0.1673 0.22082 0.2811 0.30887 0.37255 0.41035 0.48717 0.54361
2.6445 2.6539 2.70051 2.73872 2.71507 2.73939 2.77684 2.72912 2.78306 2.80643 2.84327 2.82895 2.84573 2.90365 2.90798 2.94226 2.93993 2.97102 3.00665 3.03138 3.06412 3.1179 3.12697 3.22021 3.27284 3.29132 3.36992 3.40324 3.45413 3.53401 3.59922 3.67676 3.65788 3.71906 3.76393 3.74772 3.68875 3.66967 3.57517 3.41822 3.18091 2.82523 2.37242 1.75301 1.08612 0.50169 0.15038 0.0369 0.0088 0.00502 0.00361 0.01346 0.01879 0.01649 0.02428 0.04147 0.04584 0.074 0.10248 0.1117 0.15801 0.20902 0.26491 0.28585 0.33186 0.36617 0.47194 0.52606 0.61079
2.86893 2.93552 2.99448 2.94623 2.93578 2.95544 2.97152 2.9777 3.05708 3.10682 3.1024 3.08328 3.08511 3.07122 3.10752 3.18954 3.24468 3.23838 3.27836 3.34426 3.39236 3.4411 3.48416 3.5837 3.65014 3.75069 3.87255 3.96971 4.04914 4.15626 4.26203 4.37155 4.49562 4.61917 4.74308 4.86924 5.04682 5.17602 5.31516 5.38625 5.37655 5.3156 5.03214 4.42796 3.35045 1.95214 0.66642 0.10946 0.01614 0.00426 0.00617 0.01009 0.02003 0.02674 0.03867 0.05121 0.06579 0.09094 0.10569 0.13935 0.16367 0.20879 0.26068 0.31334 0.39284 0.42957 0.49193 0.55239 0.61205
2.94806 3.01222 3.07177 3.07684 3.12344 3.17995 3.19372 3.1979 3.19474 3.16613 3.21682 3.20265 3.21598 3.23091 3.31944 3.36429 3.34537 3.42177 3.47613 3.57006 3.58878 3.64478 3.71566 3.81888 3.9235 3.97276 4.13091 4.29596 4.41299 4.51971 4.70511 4.8702 5.07959 5.26822 5.52085 5.83988 6.07589 6.35544 6.72136 7.11146 7.45509 7.79446 8.00693 7.77486 6.9987 5.10644 2.31139 0.37638 0.02494 0.00795 0.0063 0.01232 0.01897 0.03227 0.03519 0.06084 0.07204 0.08856 0.10665 0.13547 0.19949 0.2097 0.27524 0.30476 0.38786 0.43953 0.51425 0.57654 0.65135
2.99466 3.01686 3.07928 3.1476 3.137 3.1407 3.1605 3.15644 3.12803 3.23387 3.17317 3.235 3.27341 3.32442 3.32998 3.38125 3.41953 3.46679 3.4907 3.60776 3.6536 3.71725 3.77883 3.87239 3.9631 4.05427 4.17946 4.27714 4.40162 4.55292 4.74978 4.91178 5.15138 5.33664 5.63328 5.87173 6.19776 6.52743 6.88746 7.30166 7.72872 8.12928 8.47609 8.36375 7.49867 5.64295 2.73103 0.4443 0.02298 0.00489 0.00613 0.01367 0.02876 0.02381 0.03405 0.04656 0.06328 0.07745 0.1068 0.12321 0.17001 0.2224 0.22872 0.31397 0.34893 0.41426 0.51846 0.58444 0.63645
